#J matrix, N:128; Graph type: CompleteGraph, Pairing: random (+/-1), Frustration Rate: 0.40004, Num[+1] = 14112, Num[-1] = 2144
0	1	-1	1	1	1	1	1	1	1	1	1	1	1	-1	1	1	1	1	1	1	1	1	1	1	1	1	1	1	-1	-1	1	1	1	1	1	1	1	1	1	1	1	1	1	1	1	1	1	1	1	1	1	-1	1	1	1	1	1	1	1	1	-1	1	1	1	1	1	1	-1	1	-1	1	1	1	1	1	1	1	1	1	1	1	1	1	-1	1	1	1	1	1	-1	1	1	1	1	-1	1	1	1	-1	1	1	1	1	1	1	1	1	1	1	1	1	1	1	1	1	1	1	1	1	-1	1	-1	1	-1	1	1	1
1	0	-1	1	1	-1	1	1	1	1	1	1	1	1	1	-1	1	1	1	-1	1	1	1	1	-1	1	1	1	1	1	-1	-1	-1	1	1	1	1	1	1	-1	1	1	1	1	1	1	1	1	1	1	1	1	-1	1	1	-1	-1	-1	1	-1	1	1	1	1	1	1	-1	1	-1	1	1	1	1	1	1	1	1	1	1	1	1	1	-1	-1	-1	1	1	1	1	-1	1	1	1	1	1	1	-1	1	1	1	1	1	-1	1	1	1	1	1	-1	1	1	1	1	1	-1	1	1	1	1	-1	-1	1	1	1	1	1	1	1
-1	-1	0	1	1	-1	1	1	1	1	1	1	1	1	1	1	1	1	1	1	1	1	1	1	1	1	-1	1	-1	1	1	-1	1	1	1	1	1	1	1	1	1	1	1	1	1	1	1	-1	1	1	1	1	-1	1	1	1	1	1	1	1	1	1	1	1	1	1	1	1	1	1	-1	-1	1	1	1	1	1	1	1	1	1	1	1	1	1	1	1	1	1	1	1	1	1	1	1	1	-1	1	1	-1	1	-1	1	1	-1	1	1	1	1	1	1	-1	1	1	1	1	-1	1	1	1	1	1	1	1	1	1	1	1
1	1	1	0	1	1	1	1	1	1	-1	1	-1	-1	1	1	1	1	1	1	1	1	1	1	1	1	1	1	1	1	1	-1	1	1	1	1	1	-1	1	-1	1	1	-1	1	1	1	1	1	-1	-1	1	1	1	-1	-1	1	1	-1	1	1	1	1	1	1	1	1	1	1	1	1	1	1	1	1	1	1	1	1	1	1	1	1	1	1	-1	-1	-1	1	1	1	1	1	1	1	1	1	1	1	1	1	1	1	1	1	-1	-1	1	-1	1	1	1	1	1	1	1	-1	-1	1	-1	1	1	-1	1	1	-1	1	1	1
1	1	1	1	0	-1	1	1	1	1	1	1	1	1	1	1	1	-1	1	1	1	1	1	1	1	1	1	1	1	1	1	1	1	1	1	1	1	-1	1	-1	1	1	1	1	1	1	1	1	1	1	1	1	1	1	1	1	1	1	1	1	1	1	1	1	1	1	1	1	1	1	1	1	1	1	1	-1	1	1	1	1	1	1	1	1	1	-1	1	1	1	1	1	1	1	1	1	-1	1	1	-1	1	-1	-1	1	1	1	1	1	1	1	1	-1	1	1	1	1	1	1	1	1	1	1	1	-1	1	1	1	1	1
1	-1	-1	1	-1	0	1	1	-1	1	1	1	1	1	1	1	1	1	1	1	1	-1	1	1	1	1	1	-1	1	1	1	-1	1	1	1	-1	-1	1	-1	1	1	1	1	1	-1	1	1	1	1	1	1	1	-1	1	1	1	-1	-1	1	1	1	1	-1	1	1	1	1	1	1	-1	1	1	1	1	1	-1	1	1	1	1	1	1	1	1	1	1	1	1	1	1	1	1	-1	1	-1	1	1	1	1	-1	1	1	1	1	1	-1	1	1	1	1	-1	1	1	1	1	1	1	1	-1	1	1	1	1	1	1	1	1	1
1	1	1	1	1	1	0	1	1	1	1	1	1	1	1	1	1	1	1	1	1	1	1	1	1	1	1	1	1	1	1	1	-1	1	1	1	-1	1	-1	1	1	1	1	-1	1	1	1	1	1	1	1	1	1	1	1	-1	1	1	1	1	1	1	1	1	1	1	1	1	1	1	1	1	1	1	1	1	1	1	1	1	1	1	1	1	1	1	1	1	1	1	1	1	1	1	-1	1	1	1	-1	1	1	1	1	-1	1	1	1	1	1	1	1	1	1	1	1	1	-1	1	1	1	1	-1	1	1	1	1	1	1
1	1	1	1	1	1	1	0	1	1	1	1	1	1	1	1	-1	1	1	1	1	1	-1	1	1	1	1	1	1	1	1	1	1	1	1	1	1	1	-1	1	1	-1	1	1	1	1	1	-1	1	-1	1	1	1	1	1	1	1	1	1	-1	1	1	1	-1	1	1	1	1	1	1	1	1	1	1	1	1	1	1	1	1	1	-1	1	1	1	1	-1	1	1	1	1	1	1	1	1	1	1	1	1	1	1	1	1	-1	1	1	1	1	1	1	1	1	-1	1	1	1	1	1	1	1	1	1	1	1	1	1	1	1
1	1	1	1	1	-1	1	1	0	-1	1	1	1	1	-1	1	1	-1	1	1	1	1	1	1	1	1	1	-1	1	1	1	1	1	1	-1	-1	1	1	-1	1	1	1	1	1	1	1	1	1	1	1	1	1	1	1	1	1	1	1	1	1	1	1	1	1	-1	1	1	1	1	1	1	1	1	-1	1	1	-1	1	1	1	1	1	1	-1	1	1	1	1	1	1	1	1	1	1	1	1	1	1	1	1	1	1	1	1	1	1	1	1	1	1	1	1	1	1	1	1	1	1	1	1	-1	1	1	1	1	1	1	1
1	1	1	1	1	1	1	1	-1	0	1	1	1	1	1	1	1	1	1	1	1	1	1	1	1	1	1	1	1	1	1	-1	1	1	1	1	1	1	1	1	1	1	-1	1	1	1	1	1	-1	1	-1	1	1	1	-1	-1	1	1	1	-1	1	1	1	1	1	-1	1	1	1	-1	1	1	1	-1	-1	1	1	1	1	1	1	1	1	1	1	-1	1	1	1	-1	1	1	1	1	1	1	1	1	1	-1	1	1	1	1	1	1	1	1	1	1	1	1	1	1	1	1	1	1	1	1	1	1	1	-1	-1	1	1	1
1	1	1	-1	1	1	1	1	1	1	0	1	-1	1	1	-1	1	1	-1	1	1	1	1	1	1	-1	1	1	1	1	1	1	1	1	1	1	1	1	1	1	1	1	-1	1	1	1	1	-1	1	1	1	1	1	1	1	1	1	1	-1	1	1	1	1	1	1	1	1	1	1	1	1	1	1	-1	1	1	1	1	1	1	1	-1	1	1	1	1	1	1	1	1	1	1	-1	1	1	1	1	1	1	1	1	1	1	-1	1	1	1	1	1	-1	1	-1	-1	1	1	-1	1	1	1	1	1	1	1	1	1	1	1	1
1	1	1	1	1	1	1	1	1	1	1	0	1	1	1	1	1	1	1	1	1	1	1	1	-1	1	1	1	1	1	1	1	1	1	-1	1	-1	1	1	1	1	1	1	1	1	1	-1	1	-1	1	1	1	1	1	1	-1	1	1	1	1	1	1	1	1	-1	1	-1	1	1	1	1	1	1	1	1	1	1	1	1	1	1	1	1	1	1	1	1	1	1	1	1	1	1	1	1	1	1	1	1	-1	1	1	1	1	-1	1	1	-1	1	-1	1	1	1	1	1	1	-1	1	1	1	1	-1	1	1	-1	-1	-1	1
1	1	1	-1	1	1	1	1	1	1	-1	1	0	-1	1	1	1	1	1	1	1	1	1	1	1	1	1	1	1	1	1	1	1	1	1	1	1	1	-1	1	1	-1	1	1	1	1	1	1	1	1	1	1	1	1	1	1	1	1	1	1	1	1	1	1	1	-1	1	1	1	-1	1	1	1	1	1	1	1	1	-1	1	1	1	1	1	1	1	1	1	1	1	1	1	1	-1	1	1	1	1	1	1	1	1	1	1	1	1	1	1	1	1	1	-1	1	1	1	1	1	-1	1	1	-1	1	1	1	1	1	1	1
1	1	1	-1	1	1	1	1	1	1	1	1	-1	0	1	-1	1	-1	1	1	1	1	1	1	1	1	1	-1	1	1	1	-1	1	1	1	1	1	1	1	1	1	1	1	1	1	1	1	1	-1	1	1	1	1	1	1	1	1	1	-1	1	1	1	1	1	1	-1	1	1	-1	1	1	1	1	1	1	1	1	1	1	1	-1	1	1	-1	1	1	1	1	1	1	1	1	1	1	-1	1	1	1	1	1	1	1	1	1	1	1	1	1	1	1	1	1	-1	1	1	-1	1	1	1	1	-1	-1	1	1	1	-1	1	1
-1	1	1	1	1	1	1	1	-1	1	1	1	1	1	0	1	1	1	1	1	1	1	1	1	1	1	1	1	1	1	1	1	1	1	1	1	-1	-1	1	1	1	-1	-1	1	1	1	-1	1	1	1	1	1	1	1	1	-1	1	1	1	1	1	-1	1	1	1	1	-1	1	1	1	1	1	-1	1	1	1	1	1	1	1	1	1	1	1	1	1	1	1	1	-1	1	1	1	1	1	1	1	1	1	1	1	1	1	1	1	-1	1	1	1	1	1	1	1	1	1	1	1	1	1	1	1	1	-1	1	1	1	1	1
1	-1	1	1	1	1	1	1	1	1	-1	1	1	-1	1	0	1	1	1	1	1	1	1	1	1	1	1	1	1	1	1	1	1	-1	1	-1	1	1	1	1	1	-1	1	1	1	1	1	1	-1	1	-1	1	1	1	-1	-1	1	1	1	1	1	1	1	1	1	1	1	1	1	1	1	1	1	1	1	1	1	-1	1	-1	-1	1	1	1	1	1	1	1	1	-1	1	1	1	1	1	1	1	-1	1	1	1	1	1	1	1	1	-1	1	1	-1	1	1	1	1	1	1	1	-1	1	1	1	1	1	1	1	-1	1	1
1	1	1	1	1	1	1	-1	1	1	1	1	1	1	1	1	0	1	1	1	1	1	-1	1	1	1	1	1	-1	1	-1	1	1	1	1	1	1	1	1	1	-1	-1	-1	1	1	1	1	1	1	1	1	1	1	-1	1	-1	1	1	1	1	1	1	1	-1	-1	1	1	1	1	1	1	1	1	1	1	-1	1	1	1	1	1	1	1	1	1	1	1	1	1	-1	1	1	1	1	1	1	-1	1	1	1	-1	-1	1	1	1	1	1	1	1	1	-1	1	1	-1	1	1	1	1	1	1	1	1	1	1	-1	-1	1	1
1	1	1	1	-1	1	1	1	-1	1	1	1	1	-1	1	1	1	0	1	1	1	1	1	1	1	1	1	1	1	1	1	1	1	1	-1	1	1	1	1	1	1	1	1	1	1	1	1	1	1	1	1	1	1	1	1	1	1	1	1	-1	-1	1	1	1	1	-1	1	-1	1	1	1	-1	1	1	1	1	1	1	1	-1	1	1	1	1	1	1	1	1	-1	-1	1	1	1	1	1	1	1	1	1	1	-1	1	1	1	1	1	1	1	1	1	-1	-1	1	1	1	1	-1	1	1	-1	1	-1	1	1	1	1	1	1
1	1	1	1	1	1	1	1	1	1	-1	1	1	1	1	1	1	1	0	1	-1	1	1	1	1	1	1	1	1	1	-1	-1	-1	1	1	-1	-1	1	-1	1	1	1	-1	1	1	1	1	1	1	1	1	1	1	1	1	1	1	1	-1	1	1	1	1	1	1	1	1	1	1	1	1	1	1	1	1	1	1	1	-1	1	1	1	1	-1	1	1	1	1	1	-1	1	1	1	-1	1	1	-1	1	-1	1	1	-1	1	1	1	1	-1	1	1	1	1	1	1	1	1	1	1	1	1	1	1	1	-1	1	-1	1	1	1
1	-1	1	1	1	1	1	1	1	1	1	1	1	1	1	1	1	1	1	0	-1	1	1	1	1	1	1	1	1	1	1	1	-1	1	1	1	-1	1	1	1	-1	1	1	-1	1	1	-1	1	1	1	1	1	1	1	1	1	-1	1	1	1	1	-1	1	1	1	1	1	1	1	1	1	1	1	1	1	1	1	1	-1	1	1	1	1	1	1	1	1	1	1	1	1	1	1	1	1	1	1	1	1	1	1	-1	1	-1	1	1	1	1	1	1	-1	1	1	1	1	1	1	1	1	1	1	1	1	1	1	1	1	1
1	1	1	1	1	1	1	1	1	1	1	1	1	1	1	1	1	1	-1	-1	0	1	1	1	1	1	-1	1	1	1	1	1	1	1	1	-1	1	1	1	1	1	1	1	1	1	1	1	-1	1	1	-1	1	-1	1	1	1	1	1	1	1	1	1	1	1	1	1	1	-1	1	1	1	1	1	1	1	1	1	1	1	1	1	1	1	1	1	1	1	1	-1	1	1	1	1	1	1	1	1	1	1	1	1	1	1	-1	1	1	1	1	1	1	1	1	1	1	1	1	1	1	-1	1	1	1	1	1	1	1	1	1
1	1	1	1	1	-1	1	1	1	1	1	1	1	1	1	1	1	1	1	1	1	0	1	1	1	1	1	1	1	1	-1	1	1	-1	1	1	1	1	1	1	1	1	-1	1	1	1	1	1	1	1	1	-1	-1	1	1	1	1	1	1	1	1	1	-1	1	1	1	-1	1	1	1	1	1	1	1	-1	1	1	1	1	1	1	-1	1	1	1	1	1	1	1	1	1	-1	1	1	1	1	1	1	1	1	1	-1	1	1	1	1	-1	1	1	1	1	1	1	1	1	1	-1	1	1	1	1	1	1	1	1	1	1	1
1	1	1	1	1	1	1	-1	1	1	1	1	1	1	1	1	-1	1	1	1	1	1	0	1	1	1	1	1	1	1	-1	-1	1	1	1	1	1	1	1	1	-1	1	-1	1	1	-1	1	1	1	1	1	1	1	-1	1	1	1	1	1	-1	1	1	1	1	1	1	1	1	1	-1	1	1	-1	-1	1	1	1	1	1	1	1	1	1	1	-1	-1	1	1	1	1	1	1	-1	1	1	1	1	1	1	1	1	1	1	1	1	-1	1	1	1	1	1	1	1	1	1	1	1	1	1	1	1	1	1	1	1	1	1	1
1	1	1	1	1	1	1	1	1	1	1	1	1	1	1	1	1	1	1	1	1	1	1	0	1	-1	1	1	1	1	-1	1	1	-1	-1	1	1	1	1	1	1	1	1	1	1	1	1	-1	1	1	1	1	1	1	1	1	1	1	1	1	1	1	1	1	1	1	1	-1	1	1	1	1	1	1	-1	-1	1	1	1	1	1	1	1	1	1	1	1	1	1	-1	1	-1	1	1	1	1	1	1	1	1	1	1	1	1	1	1	1	1	1	1	1	1	1	1	1	1	1	1	1	1	1	1	1	1	-1	-1	1	1
1	-1	1	1	1	1	1	1	1	1	1	-1	1	1	1	1	1	1	1	1	1	1	1	1	0	1	-1	1	1	1	1	1	1	1	1	1	1	1	1	1	1	1	1	1	1	1	1	1	1	1	1	-1	1	1	1	1	1	1	1	1	1	1	1	1	1	1	1	1	1	1	1	1	1	1	1	1	1	1	1	1	1	1	1	1	-1	-1	1	1	1	1	1	1	1	1	1	1	1	1	1	-1	-1	1	1	-1	1	1	1	1	1	1	1	1	1	1	1	-1	1	1	-1	1	1	-1	1	1	1	1	1	1
1	1	1	1	1	1	1	1	1	1	-1	1	1	1	1	1	1	1	1	1	1	1	1	-1	1	0	1	1	1	1	1	1	1	1	1	1	1	1	1	1	1	-1	1	1	1	1	1	1	1	1	1	-1	1	1	1	1	1	1	1	1	1	1	1	1	1	1	1	1	1	1	1	1	1	-1	1	1	-1	-1	1	1	-1	1	1	1	1	1	1	1	1	1	1	1	1	1	1	1	1	1	1	1	1	1	1	1	1	-1	1	1	1	-1	1	-1	1	-1	1	1	1	1	-1	1	1	1	1	1	1	1	1	1
1	1	-1	1	1	1	1	1	1	1	1	1	1	1	1	1	1	1	1	1	-1	1	1	1	-1	1	0	-1	1	1	-1	1	1	1	1	1	1	1	-1	1	1	1	1	1	1	1	1	1	1	1	1	-1	1	1	1	1	1	1	1	-1	1	1	1	-1	1	1	1	1	1	1	-1	1	1	1	1	1	1	1	1	-1	-1	1	-1	1	1	1	1	1	1	1	1	1	1	-1	1	1	1	1	1	1	1	1	1	-1	-1	1	-1	1	1	1	1	1	1	1	1	1	1	1	1	-1	-1	1	1	1	1	1	1	1
1	1	1	1	1	-1	1	1	-1	1	1	1	1	-1	1	1	1	1	1	1	1	1	1	1	1	1	-1	0	1	1	1	1	1	1	1	1	1	1	1	-1	1	1	1	1	1	1	1	1	1	1	-1	1	1	1	1	1	1	1	1	1	1	1	1	1	1	1	1	1	1	1	-1	1	1	1	1	1	1	1	-1	1	1	1	1	1	1	1	1	-1	1	1	1	-1	1	1	1	1	1	1	-1	1	1	1	1	1	1	1	1	1	-1	1	1	1	1	1	1	-1	1	1	1	1	-1	1	1	-1	1	1	1	1
1	1	-1	1	1	1	1	1	1	1	1	1	1	1	1	1	-1	1	1	1	1	1	1	1	1	1	1	1	0	1	1	1	1	-1	1	1	1	1	1	1	1	-1	1	1	-1	-1	1	-1	1	1	1	1	1	1	1	1	1	1	1	1	1	1	1	-1	1	1	1	1	1	1	1	1	-1	1	1	1	1	1	1	-1	1	1	1	-1	1	1	1	1	1	1	1	1	1	1	1	-1	1	1	1	-1	-1	1	-1	1	1	-1	1	1	1	1	-1	1	1	1	1	1	-1	1	1	1	1	1	1	1	1	1	1	1
-1	1	1	1	1	1	1	1	1	1	1	1	1	1	1	1	1	1	1	1	1	1	1	1	1	1	1	1	1	0	1	1	1	-1	-1	1	1	1	1	1	1	1	1	1	1	1	1	-1	1	1	1	-1	1	1	1	1	-1	1	-1	-1	1	1	-1	1	1	1	1	1	1	1	1	1	1	1	1	1	1	1	1	1	1	1	1	1	1	1	1	1	1	1	1	1	1	1	1	1	1	1	1	-1	1	1	1	1	1	1	1	1	-1	1	-1	1	-1	1	-1	1	1	1	1	1	1	1	1	1	1	1	1	1
-1	-1	1	1	1	1	1	1	1	1	1	1	1	1	1	1	-1	1	-1	1	1	-1	-1	-1	1	1	-1	1	1	1	0	1	1	-1	1	1	1	-1	1	1	1	-1	1	1	1	1	1	1	1	1	-1	1	-1	1	1	1	1	-1	1	1	1	1	1	1	1	1	1	-1	1	-1	1	-1	1	1	1	1	1	1	1	1	1	1	1	1	1	1	1	1	-1	1	1	1	1	1	-1	1	1	1	1	-1	-1	1	1	1	-1	1	-1	-1	1	1	1	1	1	1	1	1	1	1	-1	1	1	1	1	1	1	1	-1	1
1	-1	-1	-1	1	-1	1	1	1	-1	1	1	1	-1	1	1	1	1	-1	1	1	1	-1	1	1	1	1	1	1	1	1	0	1	-1	-1	-1	1	-1	1	1	1	1	1	1	1	1	1	1	1	1	1	1	-1	1	1	1	1	1	1	1	1	1	1	1	1	-1	1	1	1	1	1	1	1	-1	-1	1	1	1	1	1	1	-1	1	1	1	1	1	1	1	1	1	-1	1	1	-1	1	-1	-1	1	1	-1	1	-1	1	1	-1	1	1	1	1	1	-1	1	1	-1	1	-1	1	1	1	-1	1	1	1	1	1	-1	-1
1	-1	1	1	1	1	-1	1	1	1	1	1	1	1	1	1	1	1	-1	-1	1	1	1	1	1	1	1	1	1	1	1	1	0	1	1	1	1	1	-1	1	1	1	1	1	1	-1	1	1	1	1	1	1	1	1	1	1	1	1	1	1	1	1	1	1	-1	-1	1	1	1	1	-1	1	-1	1	1	1	1	1	1	1	-1	-1	1	1	1	1	1	-1	1	1	-1	-1	1	1	1	1	1	1	1	1	1	-1	1	-1	1	1	1	1	1	1	1	1	1	-1	1	1	1	1	-1	1	1	1	1	1	1	1	1	1
1	1	1	1	1	1	1	1	1	1	1	1	1	1	1	-1	1	1	1	1	1	-1	1	-1	1	1	1	1	-1	-1	-1	-1	1	0	1	1	1	1	1	1	1	1	1	1	1	1	1	1	1	1	1	1	1	1	1	-1	1	1	1	1	1	1	1	1	1	1	-1	1	1	1	1	1	1	1	1	1	1	1	1	1	1	1	1	1	1	1	1	-1	1	1	1	1	1	1	1	1	1	1	1	1	1	1	-1	1	1	1	1	1	1	1	1	1	1	1	-1	1	-1	1	1	1	1	1	-1	1	1	1	1	1
1	1	1	1	1	1	1	1	-1	1	1	-1	1	1	1	1	1	-1	1	1	1	1	1	-1	1	1	1	1	1	-1	1	-1	1	1	0	-1	-1	1	1	-1	1	1	-1	1	-1	1	1	1	-1	-1	1	1	1	1	1	1	1	1	1	1	1	1	1	1	-1	1	1	1	1	1	1	1	1	1	-1	1	1	1	1	1	1	1	1	-1	1	-1	1	1	1	1	1	1	1	1	1	1	1	1	-1	1	1	1	1	1	1	1	1	1	1	1	1	1	1	1	1	1	1	-1	1	1	1	1	-1	1	1	1	1	1
1	1	1	1	1	-1	1	1	-1	1	1	1	1	1	1	-1	1	1	-1	1	-1	1	1	1	1	1	1	1	1	1	1	-1	1	1	-1	0	1	-1	1	1	1	1	1	1	1	1	1	1	1	-1	-1	1	1	1	-1	1	1	1	1	1	1	-1	1	1	1	1	-1	1	1	1	1	-1	1	1	-1	1	1	1	1	1	1	1	1	1	1	1	-1	1	1	-1	1	1	1	1	-1	1	1	1	1	1	1	1	1	1	-1	1	1	1	1	-1	1	1	-1	1	1	1	1	1	1	1	1	1	1	-1	-1	1	1	1
1	1	1	1	1	-1	-1	1	1	1	1	-1	1	1	-1	1	1	1	-1	-1	1	1	1	1	1	1	1	1	1	1	1	1	1	1	-1	1	0	1	1	1	1	1	-1	1	1	-1	-1	1	1	1	1	1	1	1	-1	1	1	1	1	1	1	1	1	1	1	1	1	1	1	1	1	1	1	1	1	1	1	1	1	1	1	1	1	-1	1	-1	1	1	1	1	1	1	1	1	1	1	-1	1	1	1	1	1	1	1	1	1	1	1	1	1	1	1	1	1	1	1	1	1	1	1	1	1	1	1	-1	1	1	1
1	1	1	-1	-1	1	1	1	1	1	1	1	1	1	-1	1	1	1	1	1	1	1	1	1	1	1	1	1	1	1	-1	-1	1	1	1	-1	1	0	1	1	1	-1	1	1	1	1	1	1	1	1	1	1	1	1	-1	1	-1	1	1	1	1	1	1	1	1	1	1	1	1	-1	1	1	-1	1	1	1	1	1	1	1	1	1	-1	1	-1	1	1	1	1	1	1	1	1	-1	1	1	1	1	-1	1	1	1	1	1	1	1	1	1	1	1	1	1	1	1	1	1	1	1	1	1	1	1	1	1	1	1	1	1
1	1	1	1	1	-1	-1	-1	-1	1	1	1	-1	1	1	1	1	1	-1	1	1	1	1	1	1	1	-1	1	1	1	1	1	-1	1	1	1	1	1	0	1	1	1	1	-1	-1	1	1	1	1	-1	-1	-1	1	1	1	1	1	1	1	-1	1	-1	1	1	1	1	1	1	1	1	1	1	-1	1	1	1	1	1	-1	1	1	1	1	1	1	-1	-1	1	1	1	1	1	-1	1	1	1	1	1	1	1	1	1	1	1	-1	-1	1	1	1	1	-1	1	1	1	1	-1	1	1	1	1	1	1	1	1	-1	1	-1	1
1	-1	1	-1	-1	1	1	1	1	1	1	1	1	1	1	1	1	1	1	1	1	1	1	1	1	1	1	-1	1	1	1	1	1	1	-1	1	1	1	1	0	1	1	1	1	1	1	1	1	1	1	1	1	1	1	1	-1	1	1	1	1	1	1	1	1	1	1	1	1	-1	1	1	1	1	1	1	1	1	1	-1	1	-1	1	1	1	1	1	1	1	1	1	1	1	1	1	1	1	-1	1	1	1	1	1	1	1	1	1	1	1	1	1	-1	-1	1	1	1	1	1	1	1	1	1	1	1	1	1	1	1	1
1	1	1	1	1	1	1	1	1	1	1	1	1	1	1	1	-1	1	1	-1	1	1	-1	1	1	1	1	1	1	1	1	1	1	1	1	1	1	1	1	1	0	1	1	1	1	1	1	1	1	1	1	1	1	1	1	1	1	-1	1	1	1	1	1	-1	-1	1	1	1	1	1	1	-1	1	1	-1	1	1	1	1	-1	1	1	1	1	1	1	1	-1	1	1	1	1	1	1	1	-1	1	1	1	-1	1	1	-1	-1	1	1	1	1	-1	1	1	1	1	1	1	1	1	-1	1	1	1	1	1	1	1	1	1	-1
1	1	1	1	1	1	1	-1	1	1	1	1	-1	1	-1	-1	-1	1	1	1	1	1	1	1	1	-1	1	1	-1	1	-1	1	1	1	1	1	1	-1	1	1	1	0	1	1	1	1	1	1	1	1	1	1	1	1	1	1	1	1	1	1	1	1	1	-1	1	1	1	1	1	1	1	1	1	1	1	1	1	1	1	1	1	1	1	-1	1	1	-1	-1	1	1	1	1	1	1	-1	1	1	1	1	1	1	1	1	1	1	1	1	1	1	1	-1	1	1	1	-1	-1	1	1	1	1	1	1	1	1	1	1	1	1
1	1	1	-1	1	1	1	1	1	-1	-1	1	1	1	-1	1	-1	1	-1	1	1	-1	-1	1	1	1	1	1	1	1	1	1	1	1	-1	1	-1	1	1	1	1	1	0	1	1	1	-1	-1	1	1	-1	1	1	1	1	-1	1	1	1	-1	1	1	1	1	1	1	1	1	1	1	1	-1	1	1	1	1	1	1	1	1	1	1	-1	1	-1	1	1	1	1	1	1	1	1	-1	1	1	1	1	1	1	-1	1	-1	1	1	1	1	-1	1	1	1	-1	1	1	1	1	-1	1	1	1	1	1	1	1	1	1	1	1
1	1	1	1	1	1	-1	1	1	1	1	1	1	1	1	1	1	1	1	-1	1	1	1	1	1	1	1	1	1	1	1	1	1	1	1	1	1	1	-1	1	1	1	1	0	1	-1	1	1	1	1	1	1	1	1	1	-1	1	1	1	1	-1	1	1	1	1	1	-1	1	1	1	1	1	-1	-1	1	1	1	1	1	1	1	1	1	1	1	1	1	1	1	1	1	1	-1	1	1	1	1	1	-1	1	1	1	1	1	1	1	1	1	1	1	1	1	1	1	1	1	1	1	1	1	-1	1	1	-1	1	-1	1	1
1	1	1	1	1	-1	1	1	1	1	1	1	1	1	1	1	1	1	1	1	1	1	1	1	1	1	1	1	-1	1	1	1	1	1	-1	1	1	1	-1	1	1	1	1	1	0	1	1	1	-1	1	1	1	1	1	1	1	1	-1	1	1	1	-1	1	1	1	-1	1	1	1	1	1	1	1	1	1	-1	1	1	1	1	-1	1	1	1	1	1	1	1	1	1	1	1	1	1	1	-1	1	-1	1	1	1	1	1	1	1	1	1	1	1	1	1	1	1	1	1	1	-1	1	1	-1	1	1	1	1	1	-1	1	1
1	1	1	1	1	1	1	1	1	1	1	1	1	1	1	1	1	1	1	1	1	1	-1	1	1	1	1	1	-1	1	1	1	-1	1	1	1	-1	1	1	1	1	1	1	-1	1	0	1	-1	1	1	1	1	1	1	-1	1	-1	1	1	-1	1	1	1	1	1	1	1	1	1	-1	1	1	1	1	1	1	-1	1	1	1	1	-1	1	1	1	-1	1	1	1	1	1	1	1	-1	1	1	1	1	1	1	1	1	-1	1	1	1	1	1	1	1	1	1	1	1	1	-1	1	1	1	1	1	1	1	1	-1	1	-1	1
1	1	1	1	1	1	1	1	1	1	1	-1	1	1	-1	1	1	1	1	-1	1	1	1	1	1	1	1	1	1	1	1	1	1	1	1	1	-1	1	1	1	1	1	-1	1	1	1	0	1	1	1	1	1	1	1	-1	1	-1	1	1	1	1	1	1	1	1	1	-1	1	1	-1	1	1	1	1	1	1	1	1	1	1	-1	1	1	1	1	1	1	1	-1	1	1	1	1	1	1	-1	1	1	1	-1	1	-1	1	1	1	1	-1	1	1	1	1	1	1	1	1	1	1	1	1	1	1	1	1	1	1	1	1	1
1	1	-1	1	1	1	1	-1	1	1	-1	1	1	1	1	1	1	1	1	1	-1	1	1	-1	1	1	1	1	-1	-1	1	1	1	1	1	1	1	1	1	1	1	1	-1	1	1	-1	1	0	1	1	1	1	-1	-1	-1	1	1	1	-1	1	1	1	1	1	1	1	1	1	1	1	1	1	1	1	-1	1	1	1	1	-1	1	1	-1	1	1	-1	-1	1	-1	1	1	1	1	1	1	1	1	-1	1	1	1	-1	1	1	-1	1	1	1	1	1	1	1	1	1	1	1	1	1	1	1	1	1	1	1	-1	1	1	1
1	1	1	-1	1	1	1	1	1	-1	1	-1	1	-1	1	-1	1	1	1	1	1	1	1	1	1	1	1	1	1	1	1	1	1	1	-1	1	1	1	1	1	1	1	1	1	-1	1	1	1	0	-1	1	1	-1	1	1	-1	1	1	1	1	1	1	1	1	1	1	1	1	1	1	1	1	1	1	1	1	1	1	1	1	1	1	1	1	1	1	1	1	1	1	1	1	-1	1	1	1	1	1	1	1	1	1	1	1	1	1	1	1	1	1	1	1	1	1	1	1	1	-1	1	1	1	1	1	1	1	1	1	1
1	1	1	-1	1	1	1	-1	1	1	1	1	1	1	1	1	1	1	1	1	1	1	1	1	1	1	1	1	1	1	1	1	1	1	-1	-1	1	1	-1	1	1	1	1	1	1	1	1	1	-1	0	1	1	1	1	1	1	1	1	1	1	1	1	1	1	1	1	1	1	1	-1	1	1	1	-1	1	1	1	1	1	1	1	1	1	1	1	1	1	1	1	1	1	1	1	-1	-1	1	1	1	1	1	1	1	1	1	1	1	1	1	1	1	1	1	1	1	1	1	1	1	1	1	1	-1	1	1	1	1	1	1
1	1	1	1	1	1	1	1	1	-1	1	1	1	1	1	-1	1	1	1	1	-1	1	1	1	1	1	1	-1	1	1	-1	1	1	1	1	-1	1	1	-1	1	1	1	-1	1	1	1	1	1	1	1	0	1	1	1	1	-1	1	1	1	-1	1	1	1	1	1	1	1	1	1	1	1	1	1	-1	1	1	1	1	1	1	1	1	1	1	1	1	1	-1	-1	1	1	1	1	-1	-1	1	1	1	1	-1	1	1	1	1	1	1	1	1	-1	1	1	1	1	1	1	1	1	-1	1	1	1	1	1	1	1	1	1	1
1	1	1	1	1	1	1	1	1	1	1	1	1	1	1	1	1	1	1	1	1	-1	1	1	-1	-1	-1	1	1	-1	1	1	1	1	1	1	1	1	-1	1	1	1	1	1	1	1	1	1	1	1	1	0	1	1	1	1	1	-1	1	1	1	1	1	1	1	1	-1	1	1	1	1	1	1	1	-1	1	1	1	1	1	1	1	1	1	1	1	1	1	1	1	1	1	1	1	1	1	-1	1	-1	1	1	-1	-1	-1	1	1	1	1	1	1	1	1	1	1	1	1	1	1	-1	1	1	1	-1	-1	1	1	1	1
-1	-1	-1	1	1	-1	1	1	1	1	1	1	1	1	1	1	1	1	1	1	-1	-1	1	1	1	1	1	1	1	1	-1	-1	1	1	1	1	1	1	1	1	1	1	1	1	1	1	1	-1	-1	1	1	1	0	1	1	1	1	1	1	1	1	1	1	1	1	1	1	1	1	1	1	1	1	1	1	1	1	1	1	-1	1	1	1	-1	1	1	1	1	-1	1	1	1	1	1	1	1	1	1	1	1	1	1	1	1	1	1	1	1	1	-1	1	-1	1	1	-1	1	1	1	1	1	1	1	1	-1	1	-1	1	1
1	1	1	-1	1	1	1	1	1	1	1	1	1	1	1	1	-1	1	1	1	1	1	-1	1	1	1	1	1	1	1	1	1	1	1	1	1	1	1	1	1	1	1	1	1	1	1	1	-1	1	1	1	1	1	0	1	1	1	1	1	-1	1	-1	1	1	1	1	-1	1	1	1	1	1	-1	1	1	1	1	1	1	1	1	-1	1	-1	1	1	1	1	1	1	1	1	1	1	1	1	-1	1	1	1	1	1	1	1	1	1	1	1	1	1	1	-1	1	1	1	1	1	1	1	1	1	-1	1	1	1	1	-1	1
1	1	1	-1	1	1	1	1	1	-1	1	1	1	1	1	-1	1	1	1	1	1	1	1	1	1	1	1	1	1	1	1	1	1	1	1	-1	-1	-1	1	1	1	1	1	1	1	-1	-1	-1	1	1	1	1	1	1	0	-1	1	1	1	1	1	1	1	1	1	1	1	1	-1	1	-1	1	1	1	1	1	1	-1	-1	1	1	1	1	1	1	1	1	1	1	1	1	1	1	1	1	1	1	1	1	1	1	1	1	1	1	1	-1	-1	1	1	1	1	1	1	1	1	1	1	-1	1	1	1	1	1	1	-1	1	-1
1	-1	1	1	1	1	-1	1	1	-1	1	-1	1	1	-1	-1	-1	1	1	1	1	1	1	1	1	1	1	1	1	1	1	1	1	-1	1	1	1	1	1	-1	1	1	-1	-1	1	1	1	1	-1	1	-1	1	1	1	-1	0	1	1	1	1	1	1	1	1	1	1	1	1	1	1	1	1	1	1	1	1	1	1	1	1	1	1	1	1	1	1	1	1	1	1	1	-1	1	1	1	1	1	-1	1	1	-1	1	1	1	1	1	1	1	1	1	1	1	1	-1	1	1	-1	1	1	1	1	1	1	1	1	-1	1	1
1	-1	1	1	1	-1	1	1	1	1	1	1	1	1	1	1	1	1	1	-1	1	1	1	1	1	1	1	1	1	-1	1	1	1	1	1	1	1	-1	1	1	1	1	1	1	1	-1	-1	1	1	1	1	1	1	1	1	1	0	1	1	1	1	1	1	1	1	1	1	1	1	1	1	1	1	1	1	1	1	1	1	-1	1	1	1	1	1	1	1	1	1	1	1	1	1	1	1	1	1	1	1	1	-1	-1	1	1	1	1	-1	1	1	1	1	-1	-1	1	1	-1	1	1	1	1	1	1	1	1	-1	-1	-1	1
1	-1	1	-1	1	-1	1	1	1	1	1	1	1	1	1	1	1	1	1	1	1	1	1	1	1	1	1	1	1	1	-1	1	1	1	1	1	1	1	1	1	-1	1	1	1	-1	1	1	1	1	1	1	-1	1	1	1	1	1	0	1	-1	1	1	1	1	1	1	-1	1	1	1	-1	1	1	1	1	1	1	1	1	1	-1	1	1	1	1	1	1	1	1	1	1	-1	1	1	1	1	-1	1	1	1	-1	1	1	1	1	1	1	-1	1	1	1	1	1	-1	1	1	1	1	1	1	1	-1	1	1	1	1	1	1
1	1	1	1	1	1	1	1	1	1	-1	1	1	-1	1	1	1	1	-1	1	1	1	1	1	1	1	1	1	1	-1	1	1	1	1	1	1	1	1	1	1	1	1	1	1	1	1	1	-1	1	1	1	1	1	1	1	1	1	1	0	1	1	1	1	1	1	1	1	1	1	-1	1	1	1	1	1	1	1	1	1	1	1	1	1	1	1	-1	1	1	1	1	1	1	1	1	1	1	-1	1	-1	1	1	1	1	1	1	1	1	1	1	1	-1	1	1	-1	1	1	-1	1	1	1	1	1	1	1	1	1	1	1
1	-1	1	1	1	1	1	-1	1	-1	1	1	1	1	1	1	1	-1	1	1	1	1	-1	1	1	1	-1	1	1	-1	1	1	1	1	1	1	1	1	-1	1	1	1	-1	1	1	-1	1	1	1	1	-1	1	1	-1	1	1	1	-1	1	0	-1	1	1	1	1	1	1	1	1	1	1	1	1	1	-1	1	1	1	1	1	1	1	-1	1	1	1	-1	1	1	1	1	1	1	1	1	1	1	1	1	1	1	1	1	1	1	1	1	-1	1	1	1	-1	1	1	1	-1	1	1	1	1	1	1	1	1	1	1	1	1
1	1	1	1	1	1	1	1	1	1	1	1	1	1	1	1	1	-1	1	1	1	1	1	1	1	1	1	1	1	1	1	1	1	1	1	1	1	1	1	1	1	1	1	-1	1	1	1	1	1	1	1	1	1	1	1	1	1	1	1	-1	0	1	-1	1	-1	1	1	1	-1	1	1	1	1	1	1	1	1	-1	1	1	1	1	1	1	1	1	1	1	1	1	1	-1	-1	1	1	1	1	1	1	-1	1	1	1	1	1	1	1	1	1	1	1	1	1	1	1	1	1	-1	1	-1	1	1	-1	1	1	1	1	1
-1	1	1	1	1	1	1	1	1	1	1	1	1	1	-1	1	1	1	1	-1	1	1	1	1	1	1	1	1	1	1	1	1	1	1	1	-1	1	1	-1	1	1	1	1	1	-1	1	1	1	1	1	1	1	1	-1	1	1	1	1	1	1	1	0	1	1	1	1	-1	-1	1	-1	1	-1	-1	1	1	1	-1	1	1	1	1	1	1	1	1	1	1	1	1	1	1	-1	-1	1	1	1	1	1	-1	1	-1	1	1	1	1	1	1	1	1	-1	1	1	1	1	1	1	1	1	1	-1	1	1	1	1	1	1	1	1
1	1	1	1	1	-1	1	1	1	1	1	1	1	1	1	1	1	1	1	1	1	-1	1	1	1	1	1	1	1	-1	1	1	1	1	1	1	1	1	1	1	1	1	1	1	1	1	1	1	1	1	1	1	1	1	1	1	1	1	1	1	-1	1	0	1	1	1	1	1	1	1	1	1	-1	1	1	1	1	1	-1	1	1	1	1	-1	1	1	1	-1	1	1	1	1	1	1	1	1	1	1	1	1	1	1	1	1	1	1	-1	1	1	1	1	1	1	1	1	1	-1	-1	1	-1	1	1	1	1	1	1	1	1
1	1	1	1	1	1	1	-1	1	1	1	1	1	1	1	1	-1	1	1	1	1	1	1	1	1	1	-1	1	-1	1	1	1	1	1	1	1	1	1	1	1	-1	-1	1	1	1	1	1	1	1	1	1	1	1	1	1	1	1	1	1	1	1	1	1	0	1	1	1	1	1	1	1	1	1	1	1	1	-1	1	1	-1	1	1	1	-1	1	1	1	1	1	-1	1	1	1	-1	1	1	1	1	1	1	1	1	1	1	1	1	1	1	1	1	1	1	1	1	-1	1	1	1	1	1	1	-1	1	1	1	1	1	1
1	1	1	1	1	1	1	1	-1	1	1	-1	1	1	1	1	-1	1	1	1	1	1	1	1	1	1	1	1	1	1	1	1	-1	1	-1	1	1	1	1	1	-1	1	1	1	1	1	1	1	1	1	1	1	1	1	1	1	1	1	1	1	-1	1	1	1	0	1	1	1	1	1	1	1	1	1	-1	-1	1	1	1	1	-1	1	1	1	1	1	1	1	-1	1	-1	-1	1	1	1	1	1	1	1	1	1	1	1	1	1	-1	1	1	1	1	1	1	1	1	1	1	1	-1	1	-1	1	1	1	1	1	1	1	1
1	1	1	1	1	1	1	1	1	-1	1	1	-1	-1	1	1	1	-1	1	1	1	1	1	1	1	1	1	1	1	1	1	-1	-1	1	1	1	1	1	1	1	1	1	1	1	-1	1	1	1	1	1	1	1	1	1	1	1	1	1	1	1	1	1	1	1	1	0	1	1	1	1	1	-1	1	-1	1	1	1	1	1	1	1	1	1	1	1	1	1	-1	1	-1	1	1	1	-1	1	1	1	1	1	1	1	1	1	1	1	1	1	1	1	1	1	1	1	1	1	1	1	1	1	1	1	1	1	1	1	1	1	1
1	-1	1	1	1	1	1	1	1	1	1	-1	1	1	-1	1	1	1	1	1	1	-1	1	1	1	1	1	1	1	1	1	1	1	-1	1	-1	1	1	1	1	1	1	1	-1	1	1	-1	1	1	1	1	-1	1	-1	1	1	1	-1	1	1	1	-1	1	1	1	1	0	1	1	1	1	1	1	1	1	-1	1	1	1	1	1	1	1	1	1	1	1	1	1	1	1	1	1	1	1	1	1	1	1	1	1	1	1	-1	1	1	1	1	1	1	1	1	1	1	1	1	-1	1	1	-1	1	1	1	1	1	1	1	1
1	1	1	1	1	1	1	1	1	1	1	1	1	1	1	1	1	-1	1	1	-1	1	1	-1	1	1	1	1	1	1	-1	1	1	1	1	1	1	1	1	1	1	1	1	1	1	1	1	1	1	1	1	1	1	1	1	1	1	1	1	1	1	-1	1	1	1	1	1	0	1	1	-1	1	-1	1	1	1	-1	-1	1	-1	1	1	1	-1	1	1	1	1	-1	1	1	1	1	1	1	-1	1	-1	1	1	1	1	1	-1	1	-1	1	1	1	1	1	1	1	1	1	1	1	1	1	1	1	1	1	-1	1	1	1	1
-1	-1	1	1	1	1	1	1	1	1	1	1	1	-1	1	1	1	1	1	1	1	1	1	1	1	1	1	1	1	1	1	1	1	1	1	1	1	1	1	-1	1	1	1	1	1	1	1	1	1	1	1	1	1	1	-1	1	1	1	1	1	-1	1	1	1	1	1	1	1	0	1	1	1	1	-1	1	1	1	1	1	1	1	1	1	1	-1	1	-1	1	-1	1	1	1	1	1	-1	1	1	1	1	1	1	1	1	1	1	1	1	1	1	1	1	1	-1	1	1	1	1	1	1	1	-1	1	1	1	1	1	1	1
1	1	1	1	1	-1	1	1	1	-1	1	1	-1	1	1	1	1	1	1	1	1	1	-1	1	1	1	1	1	1	1	-1	1	1	1	1	1	1	-1	1	1	1	1	1	1	1	-1	-1	1	1	-1	1	1	1	1	1	1	1	1	-1	1	1	-1	1	1	1	1	1	1	1	0	1	-1	1	1	1	1	-1	1	-1	1	-1	1	1	1	1	-1	1	1	-1	1	1	1	1	1	1	1	1	1	1	1	1	-1	1	1	1	1	1	1	1	-1	1	-1	1	1	1	1	1	1	1	1	-1	1	1	1	1	1	1	1
-1	1	-1	1	1	1	1	1	1	1	1	1	1	1	1	1	1	1	1	1	1	1	1	1	1	1	-1	-1	1	1	1	1	-1	1	1	1	1	1	1	1	1	1	1	1	1	1	1	1	1	1	1	1	1	1	-1	1	1	-1	1	1	1	1	1	1	1	1	1	-1	1	1	0	1	1	1	-1	1	1	1	1	1	-1	-1	1	1	1	1	1	1	1	1	-1	1	1	-1	1	1	1	1	1	-1	1	1	1	1	1	1	1	1	1	1	-1	1	-1	1	1	-1	1	1	1	1	1	-1	1	1	1	1	1	1
1	1	-1	1	1	1	1	1	1	1	1	1	1	1	1	1	1	-1	1	1	1	1	1	1	1	1	1	1	1	1	-1	1	1	1	1	-1	1	1	1	1	-1	1	-1	1	1	1	1	1	1	1	1	1	1	1	1	1	1	1	1	1	1	-1	1	1	1	-1	1	1	1	-1	1	0	1	1	1	1	1	-1	1	1	1	1	1	1	-1	1	1	1	1	-1	1	1	1	1	1	1	1	1	1	1	-1	1	1	-1	1	1	-1	1	1	1	1	-1	-1	1	1	1	-1	1	1	1	1	1	1	1	1	1	1	1
1	1	1	1	1	1	1	1	1	1	1	1	1	1	-1	1	1	1	1	1	1	1	-1	1	1	1	1	1	-1	1	1	1	-1	1	1	1	1	-1	-1	1	1	1	1	-1	1	1	1	1	1	1	1	1	1	-1	1	1	1	1	1	1	1	-1	-1	1	1	1	1	-1	1	1	1	1	0	1	1	1	1	1	-1	1	1	1	1	1	1	1	-1	1	-1	1	1	1	1	-1	1	1	1	1	1	1	1	1	1	1	1	1	1	1	1	1	1	1	1	1	-1	1	1	1	1	1	1	1	1	1	1	1	1	1
1	1	1	1	1	1	1	1	-1	-1	-1	1	1	1	1	1	1	1	1	1	1	1	-1	1	1	-1	1	1	1	1	1	-1	1	1	1	1	1	1	1	1	1	1	1	-1	1	1	1	1	1	-1	-1	1	1	1	1	1	1	1	1	1	1	1	1	1	1	-1	1	1	-1	1	1	1	1	0	-1	1	-1	1	1	1	1	1	1	-1	1	1	-1	1	1	1	1	1	1	1	1	1	1	-1	1	1	-1	-1	1	-1	1	1	1	1	1	1	1	-1	-1	1	1	-1	1	1	1	1	1	1	1	1	1	1	1	1
1	1	1	1	1	1	1	1	1	-1	1	1	1	1	1	1	1	1	1	1	1	-1	1	-1	1	1	1	1	1	1	1	-1	1	1	-1	-1	1	1	1	1	-1	1	1	1	1	1	1	-1	1	1	1	-1	1	1	1	1	1	1	1	-1	1	1	1	1	-1	1	1	1	1	1	-1	1	1	-1	0	1	1	1	1	1	1	1	-1	1	-1	1	-1	1	1	1	1	1	-1	1	1	-1	-1	1	1	1	1	1	1	1	1	-1	1	1	1	-1	1	-1	1	1	1	1	1	1	1	1	1	1	-1	1	1	1	1	1
1	1	1	1	-1	-1	1	1	1	1	1	1	1	1	1	1	-1	1	1	1	1	1	1	-1	1	1	1	1	1	1	1	1	1	1	1	1	1	1	1	1	1	1	1	1	-1	1	1	1	1	1	1	1	1	1	1	1	1	1	1	1	1	1	1	1	-1	1	-1	1	1	1	1	1	1	1	1	0	-1	1	1	1	1	1	-1	-1	1	1	1	1	1	-1	1	1	1	1	1	-1	1	1	-1	1	1	1	1	1	1	1	-1	1	1	-1	1	1	1	1	1	1	1	-1	-1	1	1	1	1	1	1	1	1	1
1	1	1	1	1	1	1	1	-1	1	1	1	1	1	1	1	1	1	1	1	1	1	1	1	1	-1	1	1	1	1	1	1	1	1	1	1	1	1	1	1	1	1	1	1	1	-1	1	1	1	1	1	1	1	1	1	1	1	1	1	1	1	-1	1	-1	1	1	1	-1	1	-1	1	1	1	-1	1	-1	0	1	1	1	-1	1	-1	1	1	1	1	1	1	1	1	1	1	1	1	1	1	1	1	1	1	1	1	1	1	1	1	1	1	1	1	1	1	1	1	1	1	1	1	1	1	1	1	1	1	1	1	1
1	1	1	1	1	1	1	1	1	1	1	1	1	1	1	-1	1	1	1	1	1	1	1	1	1	-1	1	1	1	1	1	1	1	1	1	1	1	1	1	1	1	1	1	1	1	1	1	1	1	1	1	1	1	1	-1	1	1	1	1	1	-1	1	1	1	1	1	1	-1	1	1	1	-1	1	1	1	1	1	0	1	1	1	1	1	1	1	1	1	-1	1	1	1	-1	1	1	1	1	1	-1	1	1	1	1	1	1	1	1	1	1	1	-1	1	1	1	-1	1	1	-1	-1	1	1	1	1	1	1	1	1	1	1
1	1	1	1	1	1	1	1	1	1	1	1	-1	1	1	1	1	1	-1	-1	1	1	1	1	1	1	1	-1	1	1	1	1	1	1	1	1	1	1	-1	-1	1	1	1	1	1	1	1	1	1	1	1	1	1	1	-1	1	1	1	1	1	1	1	-1	1	1	1	1	1	1	-1	1	1	-1	1	1	1	1	1	0	1	1	1	1	1	1	1	1	1	1	1	1	1	1	1	1	-1	1	1	1	1	1	1	1	1	1	-1	1	1	1	1	1	1	1	1	1	1	1	1	1	1	1	1	-1	1	1	-1	1	-1
1	1	1	1	1	1	1	1	1	1	1	1	1	1	1	-1	1	-1	1	1	1	1	1	1	1	1	-1	1	-1	1	1	1	1	1	1	1	1	1	1	1	-1	1	1	1	1	1	1	-1	1	1	1	1	-1	1	1	1	-1	1	1	1	1	1	1	-1	1	1	1	-1	1	1	1	1	1	1	1	1	1	1	1	0	1	1	-1	1	1	1	1	1	1	1	1	1	1	1	1	1	1	1	1	-1	1	1	1	1	1	1	1	1	1	1	1	-1	-1	1	1	1	1	1	1	1	1	1	1	1	1	1	1	1
1	1	1	1	1	1	1	1	1	1	1	1	1	-1	1	-1	1	1	1	1	1	1	1	1	1	-1	-1	1	1	1	1	1	-1	1	1	1	1	1	1	-1	1	1	1	1	-1	1	-1	1	1	1	1	1	1	1	1	1	1	-1	1	1	1	1	1	1	-1	1	1	1	1	-1	-1	1	1	1	1	1	-1	1	1	1	0	1	1	1	1	1	1	1	1	1	-1	1	1	1	1	1	1	-1	1	-1	1	1	-1	1	-1	1	1	1	1	1	1	1	1	1	1	1	-1	1	-1	1	-1	1	1	1	1	1	1	-1
1	1	1	1	1	1	1	-1	1	1	-1	1	1	1	1	1	1	1	1	1	1	-1	1	1	1	1	1	1	1	1	1	-1	-1	1	1	1	1	1	1	1	1	1	1	1	1	-1	1	1	1	1	1	1	1	-1	1	1	1	1	1	1	1	1	1	1	1	1	1	1	1	1	-1	1	1	1	1	1	1	1	1	1	1	0	1	1	-1	-1	1	1	1	1	1	1	1	1	1	1	-1	1	1	1	-1	-1	-1	1	1	1	1	1	1	1	1	1	1	1	1	1	1	1	1	-1	1	1	1	1	1	1	1	1
1	-1	1	1	1	1	1	1	1	1	1	1	1	1	1	1	1	1	1	1	1	1	1	1	1	1	-1	1	1	1	1	1	1	1	1	1	1	-1	1	1	1	1	-1	1	1	1	1	-1	1	1	1	1	1	1	1	1	1	1	1	-1	1	1	1	1	1	1	1	1	1	1	1	1	1	1	-1	-1	-1	1	1	-1	1	1	0	-1	1	1	-1	1	1	1	1	1	1	1	1	1	-1	1	1	-1	1	1	1	1	1	1	1	1	1	1	-1	1	1	1	1	1	1	1	1	1	-1	-1	1	1	1	1	1	-1
1	-1	1	1	1	1	1	1	-1	1	1	1	1	-1	1	1	1	1	-1	1	1	1	1	1	1	1	1	1	-1	1	1	1	1	1	-1	1	-1	1	1	1	1	-1	1	1	1	1	1	1	1	1	1	1	-1	-1	1	1	1	1	1	1	1	1	-1	-1	1	1	1	-1	1	1	1	1	1	-1	1	-1	1	1	1	1	1	1	-1	0	1	-1	-1	1	1	1	1	1	1	1	1	1	1	1	-1	-1	1	1	-1	1	1	1	1	1	1	-1	1	1	1	1	1	1	1	1	-1	1	1	1	1	1	-1	1	1	1
-1	-1	1	-1	1	1	1	1	1	1	1	1	1	1	1	1	1	1	1	1	1	1	-1	1	-1	1	1	1	1	1	1	1	1	1	1	1	1	-1	1	1	1	1	-1	1	1	1	1	1	1	1	1	1	1	1	1	1	1	1	1	1	1	1	1	1	1	1	1	1	-1	1	1	-1	1	1	-1	1	1	1	1	1	1	-1	1	1	0	1	1	1	1	1	1	1	1	1	-1	1	1	1	1	1	1	1	1	1	-1	1	-1	-1	1	-1	1	1	-1	-1	1	1	1	1	1	1	1	1	1	1	1	1	1	1
1	1	1	-1	-1	1	1	1	1	-1	1	1	1	1	1	1	1	1	1	1	1	1	-1	1	-1	1	1	1	1	1	1	1	1	1	-1	1	-1	1	-1	1	1	1	1	1	1	-1	1	-1	1	1	1	1	1	1	1	1	1	1	-1	1	1	1	1	1	1	1	1	1	1	-1	1	1	1	1	1	1	1	1	1	1	1	-1	1	-1	1	0	1	1	1	1	1	1	1	1	-1	1	1	-1	1	1	1	1	1	-1	1	1	1	1	1	-1	-1	1	1	1	1	1	1	1	1	1	-1	1	1	-1	1	1	1	-1
1	1	1	-1	1	1	1	-1	1	1	1	1	1	1	1	1	1	1	1	1	1	1	1	1	1	1	1	1	1	1	1	1	1	1	1	-1	1	1	-1	1	1	-1	1	1	1	1	1	-1	1	1	1	1	1	1	1	1	1	1	1	-1	1	1	1	1	1	1	1	1	-1	1	1	1	-1	-1	-1	1	1	1	1	1	1	1	-1	-1	1	1	0	1	1	1	1	-1	1	1	1	1	1	1	1	1	-1	1	1	1	1	1	1	1	1	1	1	1	1	1	1	1	1	-1	1	1	1	1	1	-1	1	1	-1	1
1	1	1	1	1	1	1	1	1	1	1	1	1	1	1	1	1	1	1	1	1	1	1	1	1	1	1	-1	1	1	1	1	-1	-1	1	1	1	1	1	1	-1	-1	1	1	1	1	1	1	1	1	-1	1	1	1	1	1	1	1	1	1	1	1	-1	1	1	-1	1	1	1	1	1	1	1	1	1	1	1	-1	1	1	1	1	1	1	1	1	1	0	1	1	1	1	1	-1	1	1	1	1	1	1	1	1	-1	1	1	1	1	1	1	1	1	-1	1	-1	1	1	1	1	1	1	1	1	1	1	-1	-1	1	1
1	1	1	1	1	1	1	1	1	1	1	1	1	1	1	1	1	-1	1	1	-1	1	1	1	1	1	1	1	1	1	-1	1	1	1	1	1	1	1	1	1	1	1	1	1	1	1	-1	-1	1	1	-1	1	-1	1	1	1	1	1	1	1	1	1	1	1	-1	1	1	-1	-1	-1	1	1	-1	1	1	1	1	1	1	1	1	1	1	1	1	1	1	1	0	1	1	1	1	1	1	1	1	-1	1	1	1	1	1	1	1	-1	1	1	1	1	1	1	1	1	1	1	1	1	1	1	1	1	1	1	1	1	1	-1
1	-1	1	1	1	1	1	1	1	-1	1	1	1	1	-1	-1	-1	-1	-1	1	1	1	1	-1	1	1	1	1	1	1	1	1	1	1	1	-1	1	1	1	1	1	1	1	1	1	1	1	1	1	1	1	1	1	1	1	1	1	1	1	1	1	1	1	-1	1	-1	1	1	1	1	1	-1	1	1	1	-1	1	1	1	1	1	1	1	1	1	1	1	1	1	0	1	1	1	1	1	1	1	-1	1	1	1	1	1	1	-1	1	1	-1	1	1	1	1	1	1	1	-1	1	1	1	1	1	1	1	1	1	1	1	-1
-1	1	1	1	1	1	1	1	1	1	1	1	1	1	1	1	1	1	1	1	1	1	1	1	1	1	1	1	1	1	1	1	-1	1	1	1	1	1	1	1	1	1	1	1	1	1	1	1	1	1	1	1	1	1	1	1	1	1	1	1	1	1	1	1	-1	1	1	1	1	1	-1	1	1	1	1	1	1	1	1	1	-1	1	1	1	1	1	1	1	1	1	0	1	1	1	1	1	1	1	1	1	1	1	1	-1	1	1	1	1	1	1	1	1	-1	-1	1	1	1	1	1	1	-1	-1	1	1	-1	1	1	1
1	1	1	1	1	1	1	1	1	1	1	1	1	1	1	1	1	1	1	1	1	-1	1	-1	1	1	1	-1	1	1	1	-1	-1	1	1	1	1	1	1	1	1	1	1	1	1	1	1	1	1	1	1	1	1	1	1	-1	1	-1	1	1	-1	-1	1	1	-1	1	1	1	1	1	1	1	1	1	1	1	1	-1	1	1	1	1	1	1	1	1	-1	1	1	1	1	0	1	1	1	1	1	1	-1	1	1	-1	1	1	1	1	-1	-1	1	1	1	1	1	-1	1	1	1	1	1	1	1	1	1	1	1	1	1	1
1	1	1	1	1	-1	1	1	1	1	-1	1	1	1	1	1	1	1	1	1	1	1	-1	1	1	1	1	1	1	1	1	1	1	1	1	1	1	1	-1	1	1	1	1	-1	1	1	1	1	-1	1	1	1	1	1	1	1	1	1	1	1	-1	-1	1	1	1	1	1	1	1	1	1	1	1	1	-1	1	1	1	1	1	1	1	1	1	1	1	1	1	1	1	1	1	0	1	1	1	1	1	1	1	1	1	1	1	1	1	1	1	1	1	1	1	1	-1	1	1	1	-1	1	-1	1	1	1	1	1	1	1	1
1	1	1	1	1	1	1	1	1	1	1	1	-1	1	1	1	1	1	-1	1	1	1	1	1	1	1	-1	1	1	1	1	1	1	1	1	1	1	-1	1	1	1	1	-1	1	1	-1	1	1	1	-1	-1	1	1	1	1	1	1	1	1	1	1	1	1	-1	1	-1	1	1	1	1	-1	1	-1	1	1	1	1	1	1	1	1	1	1	1	1	1	1	-1	1	1	1	1	1	0	1	1	-1	1	1	1	-1	1	1	1	1	1	1	1	1	1	1	-1	1	1	1	-1	1	1	1	1	-1	1	1	-1	1	-1	1	1
1	1	1	1	1	-1	-1	1	1	1	1	1	1	-1	1	1	1	1	1	1	1	1	1	1	1	1	1	1	1	1	-1	-1	1	1	1	-1	1	1	1	1	1	-1	1	1	1	1	1	1	1	-1	-1	1	1	1	1	1	1	1	1	1	1	1	1	1	1	1	1	1	-1	1	1	1	1	1	1	1	1	1	1	1	1	1	1	1	-1	-1	1	1	1	1	1	1	1	1	0	1	1	1	1	-1	1	1	1	1	1	1	1	1	1	-1	1	1	1	1	1	1	1	1	1	1	1	1	1	-1	1	1	1	1
-1	1	1	1	-1	1	1	1	1	1	1	1	1	1	1	1	1	1	1	1	1	1	1	1	1	1	1	1	-1	1	1	1	1	1	1	1	1	1	1	1	-1	1	1	1	-1	1	-1	1	1	1	1	1	1	1	1	1	1	1	1	1	1	1	1	1	1	1	1	-1	1	1	1	1	1	1	-1	-1	1	1	-1	1	1	1	1	1	1	1	1	1	1	1	1	1	1	1	1	0	1	1	1	1	1	1	1	1	1	1	1	1	1	1	1	1	-1	1	1	1	1	1	1	1	1	1	1	1	-1	1	1	1
1	-1	-1	1	1	1	1	1	1	1	1	1	1	1	1	1	-1	1	-1	1	1	1	1	1	1	1	1	1	1	1	1	-1	1	1	1	1	-1	1	1	-1	1	1	1	1	1	1	1	1	1	1	1	-1	1	-1	1	1	1	-1	-1	1	1	1	1	1	1	1	1	1	1	1	1	1	1	1	-1	1	1	1	1	1	1	-1	-1	1	1	1	1	1	1	1	1	1	1	-1	1	1	0	1	1	-1	1	1	1	1	1	1	1	-1	1	1	1	1	1	1	1	1	1	1	1	1	1	1	1	1	-1	1	1	1
1	1	1	1	1	1	1	1	1	1	1	1	1	1	1	-1	1	1	1	1	1	1	1	1	1	1	1	1	1	1	1	-1	1	1	1	1	1	1	1	1	1	1	1	1	-1	1	1	-1	1	1	1	1	1	1	1	-1	1	1	1	1	1	1	1	1	1	1	1	-1	1	1	1	1	1	-1	1	1	1	-1	1	1	-1	1	1	1	1	-1	1	1	-1	-1	1	1	1	1	1	1	1	0	1	1	1	1	1	-1	1	1	1	1	1	1	1	1	1	1	1	-1	1	1	-1	1	-1	1	-1	1	1	1	1	1
1	1	1	1	-1	1	-1	1	1	1	1	1	1	1	1	1	1	1	-1	1	1	1	1	1	1	1	1	-1	1	1	1	1	1	1	-1	1	1	-1	1	1	1	1	1	-1	1	1	1	1	1	1	1	-1	1	1	1	1	1	1	-1	1	1	-1	1	1	1	1	1	1	1	1	1	1	1	1	1	-1	1	1	1	1	1	1	1	-1	1	1	1	1	1	1	1	-1	1	1	1	1	1	1	0	-1	1	1	-1	1	1	1	-1	1	1	1	1	1	1	1	1	1	1	1	1	1	1	-1	1	1	1	1	1	1
-1	1	-1	1	1	-1	1	1	1	-1	1	-1	1	1	1	1	1	1	1	1	1	1	1	1	-1	1	1	1	-1	-1	-1	1	1	1	1	1	1	1	1	1	-1	1	1	1	1	1	-1	1	1	1	-1	1	1	1	1	1	1	1	1	1	-1	1	1	1	1	1	1	1	1	1	-1	1	1	1	1	1	1	1	1	-1	-1	1	-1	-1	1	1	1	1	1	1	1	1	1	1	-1	1	-1	1	-1	0	1	1	1	1	-1	-1	1	1	1	1	1	1	1	-1	1	1	1	1	1	1	1	1	1	1	1	1	1	1
1	1	1	1	-1	1	1	1	1	1	1	1	1	1	1	1	-1	-1	1	1	1	1	1	1	-1	1	1	1	-1	1	-1	-1	1	1	1	1	1	1	1	1	1	1	-1	1	1	1	1	1	1	1	1	1	1	1	1	-1	-1	-1	1	1	1	-1	1	1	1	1	1	1	1	1	1	-1	1	-1	1	1	1	1	1	1	1	-1	1	1	1	1	-1	1	1	1	1	1	1	-1	1	1	1	1	1	1	0	-1	1	1	1	1	1	1	1	-1	1	1	1	1	1	1	1	1	1	1	1	1	1	1	1	1	1	1
1	1	-1	1	-1	1	1	1	1	1	1	1	1	1	1	1	-1	1	-1	-1	1	-1	1	1	1	1	1	1	1	1	1	1	-1	1	1	1	1	1	1	1	1	1	1	1	1	1	-1	-1	1	1	1	-1	1	1	1	1	-1	1	1	1	1	1	1	1	1	1	1	1	1	-1	1	1	1	-1	1	1	1	1	1	1	1	-1	1	1	1	1	1	1	1	1	1	-1	1	1	1	1	1	1	1	1	-1	0	1	-1	1	1	1	1	1	1	-1	1	1	1	1	-1	1	1	1	-1	1	1	1	1	1	1	1	1
1	-1	1	1	1	1	1	1	1	1	1	1	1	1	1	1	1	1	1	1	1	1	1	1	1	1	1	1	-1	1	1	-1	1	-1	1	1	1	1	1	1	-1	1	-1	1	1	-1	1	1	1	1	1	-1	1	1	1	1	1	1	1	1	1	1	1	1	1	1	1	1	1	1	1	1	1	1	1	1	1	1	1	1	-1	-1	1	-1	1	1	1	-1	1	1	1	1	1	1	1	1	1	1	-1	1	1	1	0	1	1	-1	1	1	1	1	-1	1	1	1	1	1	1	1	1	1	1	1	1	1	1	1	-1	1
1	1	1	1	1	1	-1	-1	1	1	-1	1	1	1	1	1	1	1	1	-1	-1	1	1	1	-1	1	-1	1	1	1	1	1	-1	1	1	1	1	1	1	1	-1	1	1	1	1	1	1	1	1	1	1	-1	1	1	1	1	1	1	1	1	1	1	1	1	1	1	-1	-1	1	1	1	-1	1	-1	1	1	1	1	1	1	1	1	1	1	1	-1	1	1	1	1	-1	1	1	1	1	1	1	-1	1	1	1	-1	1	0	1	1	1	1	1	1	-1	1	1	1	1	-1	1	1	1	1	-1	1	1	1	1	1	1	1
1	1	-1	-1	1	1	1	1	1	1	1	-1	1	1	1	1	1	1	1	1	1	1	1	1	1	1	-1	1	1	1	-1	1	1	1	1	-1	1	1	-1	1	1	1	1	1	1	1	1	-1	1	1	1	1	1	1	1	1	1	1	1	1	1	1	1	1	1	1	1	1	1	1	1	1	1	1	1	1	1	1	1	1	-1	1	1	1	-1	1	1	1	1	-1	1	1	1	1	1	1	1	1	1	-1	1	1	1	1	0	1	-1	1	1	1	-1	-1	1	1	1	1	1	1	1	1	1	1	1	1	1	1	1	1
1	1	1	-1	1	-1	1	1	1	1	1	1	1	1	-1	1	1	1	1	1	1	1	-1	1	1	-1	1	1	-1	1	1	-1	1	1	1	1	1	1	-1	1	1	1	1	1	1	1	1	1	1	1	1	1	1	1	1	1	1	1	1	1	1	1	1	1	-1	1	1	-1	1	1	1	1	1	1	-1	1	1	1	-1	1	1	1	1	1	1	1	1	1	-1	1	1	1	1	1	1	1	1	1	1	-1	1	1	-1	1	1	0	1	1	1	1	1	1	1	1	1	1	1	1	1	1	1	1	-1	1	1	1	1	1
1	1	1	1	1	1	1	1	1	1	1	1	1	1	1	-1	1	1	-1	1	1	-1	1	1	1	1	-1	1	1	1	-1	1	1	1	1	1	1	1	1	1	1	1	1	1	1	1	-1	1	1	1	1	1	1	1	-1	1	-1	1	1	1	1	1	-1	1	1	1	1	1	1	1	1	-1	1	1	1	-1	1	1	1	1	1	1	1	1	-1	1	1	1	1	1	1	-1	1	1	1	1	1	1	-1	1	1	1	1	1	-1	1	0	1	1	1	-1	1	1	1	1	1	1	1	1	1	1	1	1	1	1	1	1	1
1	1	1	-1	1	1	1	1	1	1	1	-1	1	1	1	1	1	1	1	1	1	1	1	1	1	1	1	1	1	1	-1	1	1	1	1	1	1	1	1	1	1	1	-1	1	1	1	1	1	1	1	1	1	1	1	-1	1	1	-1	1	-1	1	1	1	1	1	1	1	1	1	1	1	1	1	1	1	1	1	1	1	1	1	1	1	1	-1	1	1	1	1	-1	1	-1	1	1	1	1	-1	1	1	1	1	1	1	1	1	1	1	0	1	1	-1	1	1	1	1	1	1	1	1	1	1	1	1	1	1	1	1	1
1	-1	1	1	1	1	1	1	1	1	1	1	1	1	1	1	1	1	1	1	1	1	1	1	1	1	1	-1	1	-1	1	1	1	1	1	1	1	1	1	1	-1	1	1	1	1	1	1	1	1	1	-1	1	1	1	1	1	1	1	1	1	1	1	1	1	1	1	1	1	1	1	1	1	1	1	1	1	1	1	1	1	1	1	1	1	1	1	1	1	1	1	1	1	1	1	1	1	1	1	1	1	1	1	1	1	1	1	1	1	0	1	1	1	1	1	1	1	1	1	1	1	1	1	1	1	1	1	-1	1
1	1	1	1	1	1	1	1	1	1	-1	-1	1	1	1	-1	1	1	1	1	1	1	1	1	1	-1	1	1	1	1	1	1	1	1	1	-1	1	1	1	1	1	1	1	1	1	1	1	1	1	1	1	1	-1	1	1	1	1	1	1	1	1	-1	1	1	1	1	1	1	1	-1	1	1	1	1	-1	-1	1	-1	1	1	1	1	1	-1	-1	-1	1	1	1	1	1	1	1	1	-1	1	1	1	1	1	-1	1	1	1	1	1	1	1	1	0	1	1	1	1	1	-1	1	1	1	1	1	1	1	-1	1	-1	1	1
1	1	1	1	-1	-1	1	1	1	1	1	1	1	1	1	1	-1	-1	1	-1	1	1	1	1	1	1	1	1	-1	-1	1	1	1	1	1	1	1	1	-1	-1	1	-1	1	1	1	1	1	1	1	1	1	1	1	1	1	1	1	1	-1	1	1	1	1	1	1	1	1	1	1	1	-1	1	1	1	1	1	1	1	1	1	1	1	-1	1	1	-1	1	1	1	1	1	1	1	1	1	1	1	1	1	1	1	-1	-1	-1	-1	1	-1	-1	1	1	0	1	1	1	1	-1	1	1	-1	1	1	-1	1	1	1	1	1	1
1	1	-1	1	1	1	1	1	1	1	-1	1	-1	1	1	1	1	-1	1	1	1	1	1	1	1	-1	1	1	1	1	1	-1	1	1	1	1	1	1	1	-1	1	1	-1	1	1	1	1	1	1	1	1	1	-1	-1	1	1	-1	1	1	-1	1	1	1	1	1	1	1	1	1	-1	1	-1	1	-1	-1	1	1	1	1	-1	1	1	1	1	1	1	1	-1	1	1	1	1	1	-1	1	1	1	1	1	1	1	1	1	1	-1	1	1	1	1	1	1	0	1	1	1	1	1	1	1	1	1	1	1	1	1	1	1	1
1	1	1	1	1	1	1	-1	1	1	-1	1	1	-1	1	1	1	1	1	1	1	1	1	1	1	1	1	1	1	-1	1	1	1	1	1	-1	1	1	1	1	1	1	1	1	1	1	1	1	1	1	1	1	1	1	1	1	-1	1	1	1	1	1	1	1	1	1	1	1	-1	1	-1	-1	1	-1	1	1	1	1	1	-1	1	1	1	1	-1	1	1	1	1	1	-1	1	1	1	1	-1	1	1	1	1	1	1	1	1	1	1	1	1	1	1	1	1	0	-1	1	1	1	1	1	1	1	-1	1	1	1	1	1	1
1	1	1	1	1	1	1	1	1	1	1	1	1	1	1	1	-1	1	1	1	1	1	1	1	1	-1	1	1	1	1	1	1	-1	1	1	1	1	1	1	1	1	1	1	1	1	1	1	1	1	1	1	1	1	1	1	-1	1	-1	-1	1	1	1	1	1	1	1	1	1	1	1	1	1	1	1	1	1	1	-1	1	1	1	1	1	1	-1	1	1	-1	1	1	-1	-1	-1	1	1	1	1	1	1	-1	1	1	1	1	1	1	1	1	1	1	1	1	-1	0	1	-1	-1	1	1	1	1	1	1	1	1	1	1	1
1	-1	1	1	1	1	1	1	1	1	1	1	1	1	1	1	1	1	1	1	1	1	1	1	1	1	1	1	1	-1	1	-1	1	-1	1	1	1	1	1	1	1	-1	1	1	1	1	1	1	1	1	1	1	-1	1	1	1	1	1	1	1	1	1	1	-1	1	1	1	1	1	1	1	1	-1	1	1	1	1	1	1	1	1	1	1	1	1	1	1	1	1	1	1	1	1	1	1	1	1	1	1	1	1	1	1	1	1	1	1	1	1	1	1	1	1	1	0	-1	1	-1	1	1	-1	-1	-1	1	1	1	1	1
1	1	1	-1	1	1	1	1	1	1	-1	1	1	-1	1	1	1	1	1	1	1	1	1	1	-1	1	1	-1	1	1	1	1	1	1	1	1	1	1	-1	1	1	-1	1	1	1	-1	1	1	1	1	1	1	1	1	1	1	-1	1	1	-1	1	1	1	1	1	1	1	1	1	1	-1	1	1	-1	1	1	1	1	1	1	1	1	1	1	1	1	1	1	1	-1	1	1	1	-1	1	1	1	-1	1	1	1	-1	1	-1	1	1	1	1	1	-1	-1	1	1	-1	-1	0	1	1	-1	1	-1	1	1	1	1	1	1	1
1	1	-1	-1	1	1	-1	1	1	1	1	-1	1	1	1	1	1	-1	1	1	1	-1	1	1	1	1	1	1	-1	1	1	-1	1	-1	1	1	1	1	1	1	1	1	-1	1	-1	1	1	1	1	1	1	1	1	1	1	-1	1	1	-1	1	1	1	-1	1	1	1	-1	1	1	1	1	-1	1	1	1	1	1	-1	1	1	-1	1	1	1	1	1	1	1	1	1	1	1	1	1	1	1	1	1	1	1	1	1	1	1	1	1	1	1	1	1	1	1	1	-1	1	1	0	1	1	1	1	1	1	1	-1	1	1	1
1	1	1	1	1	1	1	1	1	1	1	1	-1	1	1	-1	1	1	1	1	1	1	1	1	1	1	1	1	1	1	1	1	1	1	-1	1	1	1	1	1	-1	1	1	1	1	1	1	1	-1	1	-1	1	1	1	1	1	1	1	1	1	-1	1	-1	1	-1	1	1	1	1	1	1	1	1	1	1	-1	1	-1	1	1	1	1	1	1	1	1	-1	1	1	1	1	1	-1	1	1	1	1	1	1	1	1	1	1	1	1	1	1	1	1	1	1	1	1	1	-1	1	1	0	1	1	1	1	1	1	1	-1	-1	-1
1	1	1	-1	1	-1	1	1	1	1	1	1	1	1	1	1	1	1	1	1	-1	1	1	1	-1	-1	1	1	1	1	-1	1	-1	1	1	1	1	1	1	1	1	1	1	1	1	1	1	1	1	1	1	-1	1	1	-1	1	1	1	1	1	1	1	1	1	1	1	1	1	1	1	1	1	1	1	1	-1	1	1	1	1	-1	1	1	-1	1	1	1	1	1	1	1	1	1	1	1	1	1	-1	1	1	1	1	1	1	1	1	1	1	1	1	-1	1	1	1	1	-1	1	1	0	1	1	1	1	1	1	1	-1	-1
1	-1	1	1	1	1	1	1	1	1	1	1	1	1	1	1	1	-1	1	1	1	1	1	1	1	1	-1	1	1	1	1	1	1	1	1	1	1	1	1	1	1	1	1	1	-1	1	1	1	1	1	1	1	1	1	1	1	1	1	1	1	-1	-1	-1	1	-1	1	-1	1	1	1	1	1	1	1	1	1	1	1	1	1	1	-1	1	1	1	1	1	1	1	1	1	1	-1	1	1	1	1	1	1	1	1	-1	1	1	1	1	1	1	1	1	1	1	1	1	1	1	1	1	1	0	1	1	1	1	1	-1	1	1
-1	-1	1	1	1	1	1	1	-1	1	1	1	-1	-1	1	1	1	1	1	1	1	1	1	1	1	1	-1	-1	1	1	1	-1	1	1	1	1	1	1	1	1	1	1	1	-1	1	1	1	1	1	1	1	1	1	1	1	1	1	1	1	1	1	1	1	1	1	1	1	1	-1	-1	1	1	1	1	1	1	1	1	1	1	-1	1	-1	1	1	-1	1	1	1	1	-1	1	1	-1	1	1	1	-1	1	1	1	1	1	-1	1	1	1	1	1	1	1	1	1	1	-1	-1	1	1	1	1	0	1	1	1	1	1	1	1
1	1	1	-1	1	1	-1	1	1	1	1	-1	1	-1	1	1	1	-1	1	1	1	1	1	1	-1	1	1	1	1	1	1	1	1	1	1	1	1	1	1	1	1	1	1	1	1	1	1	1	1	-1	1	1	1	-1	1	1	1	-1	1	1	1	1	1	-1	1	1	1	1	1	1	-1	1	1	1	1	1	1	1	1	1	1	1	-1	1	1	1	1	1	1	1	-1	1	1	1	1	1	1	1	-1	1	1	1	1	1	1	1	1	1	1	1	-1	1	-1	1	-1	1	1	1	1	1	1	0	1	1	-1	1	1	1
-1	1	1	1	-1	1	1	1	1	1	1	1	1	1	-1	1	1	1	-1	1	1	1	1	1	1	1	1	1	1	1	1	1	1	-1	-1	1	1	1	1	1	1	1	1	1	1	1	1	1	1	1	1	-1	1	1	1	1	1	1	1	1	-1	1	1	1	1	1	1	1	1	1	1	1	1	1	-1	1	1	1	-1	1	1	1	1	1	1	1	1	1	1	1	1	1	1	1	1	1	1	-1	1	1	1	1	1	1	1	-1	1	1	1	1	1	1	1	1	-1	1	1	1	1	1	1	1	0	1	1	1	1	1
1	1	1	1	1	1	1	1	1	-1	1	1	1	1	1	1	1	1	1	1	1	1	1	1	1	1	1	-1	1	1	1	1	1	1	1	-1	1	1	1	1	1	1	1	-1	1	1	1	1	1	1	1	-1	-1	1	1	1	1	1	1	1	1	1	1	1	1	1	1	-1	1	1	1	1	1	1	1	1	1	1	1	1	1	1	1	1	1	-1	-1	1	1	1	1	1	1	-1	-1	1	1	1	1	1	1	1	1	1	1	1	1	1	1	-1	1	1	1	1	1	1	1	1	1	1	1	1	1	0	1	1	1	1
-1	1	1	-1	1	1	1	1	1	-1	1	-1	1	1	1	1	-1	1	-1	1	1	1	1	-1	1	1	1	1	1	1	1	1	1	1	1	-1	-1	1	-1	1	1	1	1	1	1	-1	1	-1	1	1	1	1	1	1	1	1	-1	1	1	1	1	1	1	1	1	1	1	1	1	1	1	1	1	1	1	1	1	1	1	1	1	1	1	-1	1	1	1	-1	1	1	-1	1	1	1	1	-1	-1	1	1	1	1	1	1	1	1	1	1	1	1	1	1	1	1	1	1	1	-1	1	1	1	1	-1	1	1	0	1	1	1
1	1	1	1	1	1	1	1	1	1	1	-1	1	-1	1	-1	-1	1	1	1	1	1	1	-1	1	1	1	1	1	1	1	1	1	1	1	1	1	1	1	1	1	1	1	-1	-1	1	1	1	1	1	1	1	-1	1	-1	-1	-1	1	1	1	1	1	1	1	1	1	1	1	1	1	1	1	1	1	1	1	1	1	-1	1	1	1	1	1	1	1	1	-1	1	1	1	1	1	-1	1	1	1	1	1	1	1	1	1	1	1	1	1	1	1	-1	1	1	1	1	1	1	1	-1	1	-1	1	1	1	1	1	0	1	1
1	1	1	1	1	1	1	1	1	1	1	-1	1	1	1	1	1	1	1	1	1	1	1	1	1	1	1	1	1	1	-1	-1	1	1	1	1	1	1	-1	1	1	1	1	1	1	-1	1	1	1	1	1	1	1	-1	1	1	-1	1	1	1	1	1	1	1	1	1	1	1	1	1	1	1	1	1	1	1	1	1	1	1	1	1	1	1	1	1	-1	1	1	1	1	1	1	1	1	1	1	1	1	1	1	1	-1	1	1	1	1	1	-1	1	1	1	1	1	1	1	1	-1	-1	1	1	1	1	1	1	1	0	1
1	1	1	1	1	1	1	1	1	1	1	1	1	1	1	1	1	1	1	1	1	1	1	1	1	1	1	1	1	1	1	-1	1	1	1	1	1	1	1	1	-1	1	1	1	1	1	1	1	1	1	1	1	1	1	-1	1	1	1	1	1	1	1	1	1	1	1	1	1	1	1	1	1	1	1	1	1	1	1	-1	1	-1	1	-1	1	1	-1	1	1	-1	-1	1	1	1	1	1	1	1	1	1	1	1	1	1	1	1	1	1	1	1	1	1	1	1	1	1	1	1	-1	-1	1	1	1	1	1	1	1	1	0
